114494 126742 30616 101889 54021
142641 128234 96944 22845 68353
148251 88751 91223 159759 17060
76283 57290 192125 61718 35728
20300 119974 95953 85567 102909
76826 38677 60285 84719 83901
119055 53498 35572 92536 127546
80921 147494 65876 54544 58889
55372 54178 127317 78134 99708
73655 57519 126123 59655 53234
140637 179253 143735 126066 65917
126548 39136 119478 93567 151725
35731 73456 63223 66609 138045
69042 132091 65163 101217 82368
127584 141827 43193 58438 78355
95482 110569 113933 52822 105177
20723 150970 105830 75045 95601
45142 79311 22222 45700 124823
91435 82641 26846 147976 73698
42233 86500 90671 72329 160279
92640 49831 53017 32966 20009
146008 70452 52855 110328 105870
61230 33175 52046 44607 90364
56060 93281 58096 82408 82649
49750 59359 114367 46701 37965
74742 107227 56714 44617 105939
76594 144628 158321 65684 65550
85179 64632 76384 63777 84451
55909 59705 97438 32658 28702
53945 23446 65239 51022 94382
58168 77428 40574 88731 66034
40581 63673 33918 61598 56157
143038 48671 161405 84190 124632
88174 62967 62809 120679 35204
35993 69568 40576 42329 146243
88165 51198 53728 77268 46063
137980 99089 85413 32140 32260
88614 37634 91394 67391 89652
68131 86731 61305 17110 65409
57116 134804 120266 73276 143212
